image: map_withline_full3.pgm
resolution: 0.030000
origin: [-37.853535, -15.595677, 0.000000]
negate: 0
occupied_thresh: 0.65
free_thresh: 0.196

